[LEFT_CAM_2K]
fx=1403.53
fy=1403.53
cx=1106.03
cy=626.898
k1=-0.173288
k2=0.0262378
p1=0
p2=0
k3=0

[RIGHT_CAM_2K]
fx=1396.54
fy=1396.54
cx=1178.06
cy=644.93
k1=-0.173795
k2=0.0269443
p1=0
p2=0
k3=0

[LEFT_CAM_FHD]
fx=1403.53
fy=1403.53
cx=962.03
cy=545.898
k1=-0.173288
k2=0.0262378
p1=0
p2=0
k3=0

[RIGHT_CAM_FHD]
fx=1396.54
fy=1396.54
cx=1034.06
cy=563.93
k1=-0.173795
k2=0.0269443
p1=0
p2=0
k3=0

[LEFT_CAM_HD]
fx=701.765
fy=701.765
cx=639.515
cy=361.449
k1=-0.173288
k2=0.0262378
p1=0
p2=0
k3=0

[RIGHT_CAM_HD]
fx=698.27
fy=698.27
cx=675.53
cy=370.465
k1=-0.173795
k2=0.0269443
p1=0
p2=0
k3=0

[LEFT_CAM_VGA]
fx=350.8825
fy=350.8825
cx=335.2575
cy=188.2245
k1=-0.173288
k2=0.0262378
p1=0
p2=0
k3=0

[RIGHT_CAM_VGA]
fx=349.135
fy=349.135
cx=353.265
cy=192.7325
k1=-0.173795
k2=0.0269443
p1=0
p2=0
k3=0

[STEREO]
Baseline=120
TY=0
TZ=0
CV_2K=0.00335782
CV_FHD=0.00335782
CV_HD=0.00335782
CV_VGA=0.00335782
RX_2K=-0.00290449
RX_FHD=-0.00290449
RX_HD=-0.00290449
RX_VGA=-0.00290449
RZ_2K=0.000356844
RZ_FHD=0.000356844
RZ_HD=0.000356844
RZ_VGA=0.000356844

